function M = trans_nozzle(nu, x, y, gm, expan)

z = (((gm+1)*expan*0.5)^(-0.5))*x;

u1 = 0.5*y^2 - 0.25 + z;
v1 = 0.25*y^3 - 0.25*y + y*z;
    
u2 = ((2*gm+9)/24)*y^4 - ((4*gm+15-12*nu)/24)*y^2 + ...
     ((10*gm+57-72*nu)/288) + z*(y^2 + (4*nu-5)/8) - ((2*gm-3)/6)*z^2;
    
v2 = ((gm+3)/9)*y^5 - ((20*gm+63-36*nu)/96)*y^3 + ...
     ((28*gm+93-108*nu)/288)*y + z*(((2*gm+9)/6)*y^3 - ...
     ((4*gm+15-12*nu)/12)*y) + y*z^2;
    
u3 = ((556*gm^2+1737*gm+3069)/10368)*y^6 - ...
     ((388*gm^2+(1161-384*nu)*gm+(1881-1728*nu))/2304)*y^4 + ...
     ((304*gm^2+(831-576*nu)*gm+(1242-2160*nu+864*nu^2))/1728)*y^2 - ...
     ((2708*gm^2+(7839-5760*nu)*gm+(14211-32832*nu+20736*nu^2))/82944) + ...
     (((52*gm^2+51*gm+327)/384)*y^4 - ...
     ((52*gm^2+75*gm+279-288*nu)/192)*y^2 + ...
     ((92*gm^2+180*gm+639-1080*nu+432*nu^2)/1152))*z + ...
     ((-(7*gm-3)/8)*y^2 + (((13-16*nu)*gm-(27-24*nu))/48))*z^2 + ...
     ((4*gm^2-57*gm+27)/144)*z^3;
    
v3 = ((6836*gm^2+23031*gm+30627)/82944)*y^7 - ...
     ((3380*gm^2+(11391-3840*nu)*gm+15291-11520*nu)/13824)*y^5 + ...
     ((3424*gm^2+(11271-7200*nu)*gm+15228-22680*nu+6480*nu^2)/13824)*y^3 - ...
     ((7100*gm^2+(22311-20160*nu)*gm+30249-66960*nu+38880*nu^2)/82944)*y + ...
     (((556*gm^2+1737*gm+3069)/1728)*y^5 - ...
     ((388*gm^2+(1161-384*nu)*gm+1881-1728*nu)/576)*y^3 + ...
     ((304*gm^2+(831-576*nu)*gm+1242-2160*nu+864*nu^2)/864)*y)*z + ...
     (((52*gm^2+51*gm+327)/192)*y^3 - ...
     ((52*gm^2+75*gm+279-288*nu)/192)*y)*z^2 - ...
     ((7*gm-3)/12)*y*z^3;
    
u = 1 + u1*expan + u2*expan^2 + u3*expan^3;
v = sqrt((gm+1)*expan*0.5)*(v1*expan + v2*expan^2 + v3*expan^3);

M = 1 + 0.5*(gm+1)*(u1*expan + (u2 + 0.75*(gm-1)*u1^2)*expan^2 + ...
    (u3 + 0.25*(gm+1)*v1^2 + 1.5*(gm-1)*u1*u2 + 0.125*(5*gm^2 - 8*gm + 3)*u1^3)*expan^3);